3.01514
3.0094
3.04372
2.97335
3.02106
2.99451
3.01736
2.96421
3.02975
2.96595
2.98977
3.01776
3.01915
2.98911
2.96284
3.03631
3.01071
3.01468
2.97624
3.01775
2.98714
2.98373
3.02987
2.98235
2.97218
3.01432
2.97992
2.96301
3.02442
2.97078
2.99189
2.9663
3.03774
2.99737
3.02675
2.98519
2.99195
-1.6351
-1.62418
-1.64172
-1.61879
-1.64147
-1.61555
-1.60678
-1.47282
-1.59111
-1.47674
-1.47793
-1.63971
-1.61343
-1.59504
-1.61826
-1.62956
-1.61274
-1.58646
-1.57595
-1.47696
-1.47047
-1.57656
-1.55248
-1.56777
-1.54306
-1.51207
-1.50953
-1.47615
-1.45035
-1.44613
-1.42517
-1.44086
-1.35966
-1.32565
-1.31818
-1.4395
-1.36048
-1.32982
-1.32185
-1.35447
-1.32804
-1.31494
-1.29724
-1.27415
-1.25117
-1.25176
-1.22371
-1.19688
-1.2726
-1.26206
-1.2843
-1.24487
-1.23261
-1.29405
-1.25141
-1.2538
-1.22949
-1.26326
-1.24742
-1.21994
-1.18165
-1.20558
-1.1847
-1.20069
-1.17555
-1.44462
-1.44938
-1.44086
-1.4086
-1.43925
-1.41266
-1.20316
-1.18504
-1.18391
-1.2085
-1.17816
-1.14206
-1.15382
-1.13464
-1.10091
-1.20482
-1.19768
-1.18216
-1.15098
-1.15771
-1.12498
-1.1666
-1.14271
-1.15815
-1.12513
-1.09948
-1.09653
-1.63948
-1.59354
-1.63279
-1.61151
-1.63399
-1.63244
-1.61286
-1.57503
-1.56193
-1.54425
-1.56668
-1.55098
-1.51311
-1.48417
-1.45445
-1.62545
-1.6076
-1.55479
-1.52646
-1.57735
-1.54189
-1.50112
-1.4658
-1.50643
-1.46931
-1.45334
-1.44689
-1.43011
-1.43625
-1.40478
-1.3997
-1.40387
-1.42545
-1.38368
-1.41826
-1.39887
-1.1537
-1.12093
-1.10194
-1.076
-1.03385
-1.0117
-1.00662
-1.01197
-1.12485
-1.09916
-1.10393
-1.10971
-1.08326
-1.037
-1.00652
-1.07646
-1.04696
-1.03262
-1.01028
-1.07332
-1.04307
-1.04993
-1.01585
-1.0023
-1.00224
-0.930738
-0.929697
-0.936118
-0.928875
-0.99902
-0.969641
-0.938566
-0.994214
-0.945701
-0.939561
-0.934126
-0.938135
-0.184223
-0.180466
-0.169963
-0.295965
-0.262831
-0.281682
-0.215903
-0.23935
-0.192207
-0.29393
-0.262194
-0.276269
-0.293135
-0.256553
-0.291066
-0.217042
-0.224688
-0.185313
-0.200348
-0.219415
-0.238704
-0.170355
-0.24293
-0.201203
-0.254139
-0.219895
-0.172134
-0.170109
-0.172734
-0.170358
-0.301303
-0.262557
-0.261084
-0.294611
-0.25474
-0.284073
-0.214841
-0.225135
-0.18738
-0.190638
-0.2176
-0.179404
-0.192168
-0.243133
-0.216062
-0.22727
-0.294157
-0.257942
-0.263771
-0.295777
-0.259132
-0.279137
-0.220478
-0.171578
-0.21285
-0.235049
-0.180662
-0.196457
-0.239053
-0.251666
-0.247991
-0.387085
-0.363314
-0.325398
-0.350293
-0.358659
-0.373125
-0.336839
-0.388403
-0.380814
-0.358221
-0.328749
-0.339493
-0.328846
-0.335202
-0.360498
-0.371046
-0.349943
-0.3597
-0.370259
-0.347497
-0.395785
-0.390314
-0.389533
-0.313216
-0.323757
-0.306939
-0.321239
-0.378636
-0.380114
-0.327738
-0.325666
-0.329268
-0.362646
-0.363045
-0.341969
-0.328458
-0.360434
-0.364447
-0.343324
-0.342333
-0.377838
-0.38314
-0.326382
-0.324673
-0.356617
-0.367623
-0.334356
-0.354599
-0.356799
-0.334036
-0.385114
-0.384464
-0.381654
-0.376001
-0.372611
-0.302779
-0.31539
-0.308701
-0.311792
-0.300601
-0.315864
-0.282338
-0.296443
-0.308547
-0.171691
-0.294794
-0.259893
-0.256062
-0.26526
-0.276585
-0.214321
-0.173404
-0.197455
-0.250162
-0.379698
-0.378611
-0.325257
-0.32849
-0.352234
-0.359753
-0.33139
-0.350137
-0.35251
-0.32923
-0.359305
-0.352008
-0.341461
-0.377306
-0.373484
-0.38006
-0.369472
-0.297541
-0.306421
-0.302938
-0.316946
2.91966
2.92824
2.8552
2.87861
2.80683
2.82045
2.74122
2.91836
2.94687
2.89305
2.86755
2.96212
2.91677
2.86375
2.85423
2.86596
2.84257
2.84169
2.84504
2.7409
2.84569
2.95159
2.95876
2.91276
2.85858
2.9528
2.93843
2.88367
2.87444
2.84881
2.85244
2.84721
2.84841
2.83089
2.78874
2.82774
2.95493
2.91413
2.88261
2.95229
2.94683
2.8743
2.85179
2.85144
2.84635
2.84769
2.79259
2.78292
2.81364
2.76102
2.71784
2.72285
2.95413
1.76805
1.74545
1.70867
1.65255
1.58694
1.61204
1.74769
1.70882
1.77866
1.76883
1.70703
1.67333
1.70014
1.67651
1.58863
1.61345
1.64828
1.62962
1.65063
1.60889
1.5587
1.5726
1.57774
1.55358
1.5325
1.57345
1.57515
1.57388
1.53501
1.57526
1.76738
1.74176
1.70578
1.78388
1.76695
1.701
1.67688
1.70478
1.69865
1.67788
1.60182
1.64014
1.60937
1.64225
1.58835
1.61213
1.78066
1.76645
1.72839
1.71248
1.69797
1.6415
1.63962
1.58891
1.61434
1.5524
1.53958
1.55116
1.53694
1.582
1.57536
1.57314
1.58203
1.55598
1.53417
1.48005
1.58041
1.57926
-0.0646771
-0.133532
-0.145378
-0.0952789
-0.0637535
-0.0594236
-0.121303
-0.161589
-0.0734571
-0.125329
-0.140736
-0.0969348
-0.0474078
-0.00450669
-0.152564
-0.114634
-0.064839
-0.0587844
-0.115517
-0.134631
-0.108442
-0.110557
-0.122936
-0.144756
-0.109856
-0.115275
-0.0528353
-0.046734
-0.0716178
-0.0621173
-0.117903
-0.135264
-0.0821486
-0.109216
-0.117717
-0.136618
-0.0999463
-0.112145
-0.0384119
-0.051913
-0.164397
-0.155652
-0.160889
